0001000000278900000027890000002
0002000000278900000027890000002
0003000000278900000027890000002
0004000000278900000027890000002
0005000000278900000027890000002
0006000000278900000027890000002
0007000000278900000027890000002
0008000000278900000027890000002
0009000000278900000027890000002
0010000000278900000027890000002
0011000000278900000027890000002
0012000000278900000027890000002
0013000000278900000027890000002
0014000000278900000027890000002
0015000000278900000027890000002
0016000000278900000027890000002
0017000000278900000027890000002
0018000000278900000027890000002
0019000000278900000027890000002
0020000000278900000027890000002
0021000000278900000027890000002
0022000000278900000027890000002
0023000000278900000027890000002
0024000000278900000027890000002
0025000000278900000027890000002
0026000000278900000027890000002
0027000000278900000027890000002
0028000000278900000027890000002
0029000000278900000027890000002
0030000000278900000027890000002
0031000000278900000027890000002
0032000000278900000027890000002
0033000000278900000027890000002
0034000000278900000027890000002
0035000000278900000027890000002
0036000000278900000027890000002
0037000000278900000027890000002
0038000000278900000027890000002
0039000000278900000027890000002
0040000000278900000027890000002
0041000000278900000027890000002
0042000000278900000027890000002
0043000000278900000027890000002
0044000000278900000027890000002
0045000000278900000027890000002
0046000000278900000027890000002
0047000000278900000027890000002
0048000000278900000027890000002
0049000000278900000027890000002
0050000000278900000027890000002